{
  "height": 16,
  "width": 270,
  "x": 511.5078125,
  "y": 1351.296875
}