{
  "height": 16,
  "width": 270,
  "x": 511.5078125,
  "y": 1369.296875
}